Metricas (30 iteraciones)
Especulativo: 51.346766ms
Secuencial: 51.462646ms
Speedup: 1.00x
